7.625890444608174334e-01
7.526815688201082821e-01
6.963481536068094613e-01
6.208957668058587842e-01
6.803815606321101939e-01
5.483091787439597908e-01
3.865553099156642247e-01
3.230983378367291436e-01
3.270285761074269715e-01
2.238598215016764925e-01
2.146483255547337876e-01
2.634897240645202032e-01
2.762629984442774855e-01
3.547040039302373771e-01
3.261278965037242017e-01
2.549742078113474975e-01
1.866044378940436843e-01
5.686563497911834020e-02
1.760419225415432720e-02
1.760419225415432720e-02
0.000000000000000000e+00
1.721935642348313422e-01
1.862769180381533829e-01
1.550397117825248472e-01
1.207320068779154099e-01
2.419962335216538918e-01
2.410136739539794348e-01
3.061082453123731284e-01
4.626217964464096610e-01
3.964218455743875325e-01
4.274134119380974539e-01
3.963399656104122926e-01
4.343732088757867871e-01
4.051011217555036126e-01
4.226643740276720962e-01
4.520183411119305106e-01
4.423974453451222644e-01
4.775239498894592316e-01
5.368050438057778706e-01
5.546548759518508120e-01
5.007369196757558427e-01
5.076148366494699360e-01
4.119790387292212586e-01
2.702038811102909222e-01
2.195611233931025197e-01
1.997871120936700606e-01
1.580283304675305089e-01
1.554081716204009922e-01
1.705969049373585733e-01
1.690411856218787534e-01
2.349954966019787150e-01
1.243756652747052271e-01
8.531892245967043209e-02
2.107180872840395125e-01
2.046999099320387927e-01
2.258249406370254064e-01
1.971260132645511476e-01
2.362646360435611825e-01
3.398018504871842538e-01
4.127568983869629449e-01
4.723655121591718853e-01
5.300090067960354645e-01
5.781544256120518810e-01
5.438876606894282872e-01
6.113976909850151742e-01
7.228772619340055883e-01
7.919020715630864515e-01
8.391058707934142546e-01
8.526160648489309324e-01
8.224842381069343844e-01
8.856546303119614549e-01
1.000000000000000000e+00
9.733890117088357385e-01
9.929173831163495834e-01
9.929992630803248232e-01
9.471055432735617785e-01
8.727994759682289327e-01
7.726602800294735118e-01
7.922295914189767529e-01
6.907393760746707301e-01
5.465078195365578040e-01
2.824039957422392888e-01
2.700810611643333914e-01
3.852861704740817572e-01
3.291983951527051033e-01
1.317039220502742580e-01
7.504298698108158305e-02
2.237779415377048053e-01
2.889953328420524770e-01
4.581183984279029175e-01
4.853844264308513345e-01
4.454270040121173224e-01
5.016785392614409034e-01
6.050929337591099966e-01
6.423073773847534085e-01
7.302055187095710664e-01
7.596004257758117717e-01
8.179808400884276409e-01
7.526815688201082821e-01
6.507819536559367180e-01
6.208957668058587842e-01
6.091869319577476460e-01
5.483091787439597908e-01
3.231392778187149872e-01
3.230983378367291436e-01
2.724965201015301375e-01
2.238598215016764925e-01
2.044952100221060221e-01
2.634897240645202032e-01
3.519200851551609333e-01
3.547040039302373771e-01
3.036518463931869860e-01
2.549742078113474975e-01
1.971669532465405439e-01
5.686563497911834020e-02
3.328420535494913679e-02
1.760419225415432720e-02
9.993449602881909755e-02
1.721935642348313422e-01
1.322361418160973301e-01
1.550397117825248472e-01
1.544256120527300880e-01
2.419962335216538918e-01
3.019733071317425299e-01
3.061082453123731284e-01
4.310570703348872712e-01
3.964218455743875325e-01
4.199623352165708923e-01
3.963399656104122926e-01
4.138213379186090890e-01
4.051011217555036126e-01
4.181609760091689054e-01
4.520183411119305106e-01
4.454679439941031660e-01
4.775239498894592316e-01
5.746335871612195945e-01
5.546548759518508120e-01
5.463440596086108769e-01
5.076148366494699360e-01
3.144600016375953544e-01
2.702038811102909222e-01
2.266028002947670927e-01
1.997871120936700606e-01
1.487349545566196696e-01
1.554081716204009922e-01
2.197658233030352903e-01
1.690411856218787534e-01
1.621223286661752638e-01
1.243756652747052271e-01
1.662163268648129133e-01
2.107180872840395125e-01
1.546303119626593059e-01
2.258249406370254064e-01
2.104315074101350547e-01
2.362646360435611825e-01
3.874150495373775982e-01
4.127568983869629449e-01
5.108490952263977647e-01
5.300090067960354645e-01
5.637026119708501426e-01
5.438876606894282872e-01
6.648243674772764678e-01
7.228772619340055883e-01
8.207647588635040847e-01
8.391058707934142546e-01
8.380414312617681105e-01
8.224842381069343844e-01
9.421518054532036501e-01
1.000000000000000000e+00
9.955784819454649437e-01
9.929173831163495834e-01
9.915663637107989814e-01
