1.455295127783529097e-04 1.917946112964088456e-01 9.975105592492141682e-01 9.013751498329902745e-01 3.440930924138108082e-03 4.517835634927447330e-02 7.222059494866819307e-01 8.959942881010363180e-02 6.531232746421267166e-02 3.696711990735934705e-02 9.716669327771398912e-02 2.695769848653029044e-02 8.923892602472278668e-01 7.335309156148639431e-02 8.255719553073959105e-02 1.880034496549143341e-01 2.674320055985113243e-02
4.340494559045282585e-04 2.162899244833091927e-01 9.929203897476313045e-01 8.370006435474053319e-01 7.469329382328915301e-03 1.905311547306620668e-02 8.843930883578616786e-01 1.124471517500751361e-01 9.069538192133208554e-02 2.940516153819459078e-01 4.908574848541036317e-02 1.870258003411606751e-02 8.476589416591835402e-01 4.805109392511042188e-02 4.815668225512581557e-02 2.884004584905142110e-02 4.195638607919160989e-02
7.564126948267357875e-04 1.742754632446441576e-01 9.983967384116283483e-01 7.727594580274335101e-01 5.767500442377837544e-03 1.480691111468130927e-01 5.807155788793894047e-01 1.039313964927117695e-01 5.116438370334108754e-02 1.211811502874127200e-02 1.325656723917632007e-01 4.718682246166494565e-02 8.848529407926335466e-01 9.681224488241468862e-02 1.092497275380566180e-01 2.838713047799501510e-01 7.615436008428044801e-02
1.447143336847034334e-03 1.613929419805621990e-01 9.937018131309898195e-01 7.885996033900504187e-01 5.829183027304729592e-03 7.879863571725653770e-02 8.143423192168368629e-01 6.656702259815006073e-02 8.510508609005285052e-02 1.097909717573628541e-01 2.899367416730314062e-01 5.618992822150659094e-02 9.141052198938766082e-01 2.351812130029031778e-01 2.624829201216556385e-01 4.443453403977031257e-01 6.743567890713375590e-02
1.027459741933967052e-03 1.900855343335265957e-01 9.950165577980669696e-01 7.678664708273963413e-01 8.500928740984292631e-03 7.881729668077319673e-03 4.366031295142525082e-01 7.294268390549518699e-02 1.071678113151186551e-01 3.780914750726793727e-01 8.737209708468185454e-02 4.335182989886021687e-02 8.802856845492890159e-01 8.443415822151223438e-02 8.609513941796365089e-02 4.393338364262433515e-02 1.098310579684014243e-02
6.350712828862015158e-04 2.064015597130364199e-01 9.867756529046047831e-01 9.116445356533731115e-01 5.288548444391416581e-03 0.000000000000000000e+00 9.441445135478288009e-01 1.044769271301362323e-01 1.074158944545438032e-01 3.555322744891356024e-01 1.849736590187944785e-01 2.082991218178520398e-02 8.696650907138092634e-01 1.754016368729196529e-01 1.812128371164618557e-01 1.568374768263254282e-01 3.122311783377629268e-02
2.371269106546947114e-03 2.027635313203859369e-01 9.922699637115570681e-01 8.249549604038364237e-01 7.396421851310286399e-03 2.438768909915456362e-02 5.387307725971632877e-01 9.708898005224853023e-02 1.268817803439077352e-01 3.999751165750495829e-01 2.568346035604207600e-01 5.174865858628407977e-02 8.830951649970764095e-01 2.412408916831054739e-01 2.500335709113841176e-01 2.059108814267744947e-01 2.363616590148343022e-02
1.507580179961109934e-03 1.827025167132028116e-01 9.927691849895126097e-01 6.246957411685869488e-01 1.166913419074511182e-02 7.777407679581038735e-02 8.901170200191765858e-01 7.293131848011569218e-02 8.545574645853548645e-02 2.493919899074938940e-01 9.395639331157212837e-02 4.087257798394006159e-02 8.657933836733420208e-01 7.942039280295887238e-02 8.681376784203109764e-02 9.857713806827916869e-02 1.009600661699590063e-01
1.252402397923901844e-03 1.812080525690369370e-01 9.945719245952062693e-01 8.394138609101986503e-01 6.554170219412291942e-03 2.121932267734738531e-02 5.340268914105514853e-01 9.370684659485561951e-02 9.351956445282993968e-02 3.261222881615637448e-01 1.871835589954855550e-01 4.142788471756020385e-02 8.765323085561469441e-01 1.736981875712615420e-01 1.794858568599835280e-01 1.667595149762348683e-01 1.941120804155449520e-02
4.926354415871969650e-03 1.894498670385971195e-01 9.887838345203832091e-01 4.895025498832872302e-01 1.867778066311043261e-02 8.971061121249057635e-02 8.360645388990448623e-01 6.708329851328187488e-02 1.183778030551003724e-01 4.183710763774612929e-01 1.451028998949084325e-01 6.361881716005157728e-02 8.685377952994812745e-01 1.308898578011223890e-01 1.397856977647080612e-01 1.033909826950889510e-01 1.223344091344893414e-01
1.392686700995682259e-03 2.124834899067522542e-01 9.970364569055618631e-01 9.022770837862061910e-01 7.072781928143534458e-03 6.904972605279979803e-02 3.284790916831621388e-01 1.967405701007010066e-01 8.873697782957989943e-02 2.004053265918201987e-01 1.779952955595973663e-01 3.866509505899529131e-02 8.803332575862370390e-01 1.617462175357502474e-01 1.620313678031095606e-01 1.922052197870982582e-01 2.607957731924859246e-02
2.508446374562822712e-03 1.923171197131523513e-01 9.977117913820521267e-01 8.698658938414531860e-01 7.775689972378430070e-03 9.370805805220161488e-02 1.530446383266612642e-01 1.858507418003938483e-01 8.688353299313789080e-02 1.826710371641482311e-01 2.460780959815167535e-01 5.996086868707806161e-02 8.964458761171201218e-01 2.177596174833951181e-01 2.225720076335733211e-01 2.927717920250501038e-01 2.457033209539805085e-02
1.850356305070022245e-03 2.397134555459601302e-01 9.980125169473836877e-01 8.175428437961294037e-01 1.016647108138801769e-02 1.033279778987150621e-01 1.665120944995246433e-01 1.943348851344808281e-01 1.100127076858505859e-01 1.635329587722438305e-01 1.040242410687000074e-01 5.386966255690595062e-02 8.928558145058573814e-01 9.120402269341809642e-02 9.079168203528809045e-02 1.013701600898002653e-01 3.042026930967800524e-02
3.592768198842577476e-03 1.983612373844749754e-01 9.925711804292376428e-01 9.001419912014760882e-01 1.489842638636051930e-02 3.117580118538842981e-02 2.572246515993548144e-01 2.699450793694069262e-01 1.058797681451792982e-01 5.649176378949434252e-01 1.904185991323430471e-01 3.503091864062923833e-02 8.768499039485497804e-01 1.977462738809094844e-01 1.846078041172205531e-01 1.003027337790740603e-01 1.800053097038833982e-02
5.136931210870443465e-03 2.158300430567798855e-01 9.929337911902251790e-01 8.534149782292210773e-01 1.636003287336862400e-02 7.572835393873589283e-02 3.331116029811331813e-01 2.696854155888104287e-01 1.150624923934238097e-01 4.629976490555094415e-01 2.143204775128566553e-01 4.362797710434662690e-02 8.794852625950078107e-01 2.111643766192230487e-01 2.030130106145691116e-01 1.463651533050693843e-01 4.511421444924224033e-02
3.386501162140120869e-03 2.302812823599715841e-01 9.896806085405600584e-01 9.139356906883406850e-01 1.204119596924702051e-02 5.871242311347479870e-02 6.010111673743168126e-01 2.731710115846794906e-01 1.209948602464869793e-01 4.325528129410542988e-01 2.462954076601278075e-01 3.139630532050929901e-02 8.778693698646407029e-01 2.406834661393162378e-01 2.347265303235701595e-01 1.889363227415827851e-01 4.951110223740862182e-02
8.390731908207271772e-03 2.066823332983851458e-01 9.858859655111373854e-01 8.211108873211827586e-01 1.223902116192743250e-02 8.050514154396459787e-02 6.411878229093996850e-01 1.779005974027541015e-01 1.414305962814026429e-01 4.392848001481866049e-01 4.313516974472832999e-01 6.298773326570383801e-02 8.978935401484626766e-01 4.012863509903183967e-01 4.153350205144477059e-01 4.073433135388455639e-01 7.180616066861134072e-02
1.118592755001657224e-02 2.601663514656991083e-01 9.907236056307624494e-01 8.586368520933156390e-01 1.429430846043366898e-02 7.638129123037540325e-02 2.818615069595180600e-01 2.592803197467787868e-01 1.728714045377621744e-01 5.650344048832920407e-01 3.679970029584325175e-01 6.197135720822544158e-02 8.733476067397845100e-01 3.649079477871026711e-01 3.603550417020926488e-01 2.380380427839696722e-01 4.238318659241357977e-02
3.318881388537420207e-03 2.072309492998734015e-01 9.951044740680998757e-01 9.271016873071076247e-01 6.718211336651513932e-03 2.886080717257755168e-02 1.750441645225917497e-01 1.821255426844032854e-01 1.216737507801042284e-01 4.167343069919908771e-01 3.516307843275399136e-01 5.437426799122846433e-02 8.865745831027744828e-01 3.383524122264702783e-01 3.401563478089713044e-01 2.948224665691157043e-01 5.083671591314953275e-03
2.478411702384164528e-03 3.069550449685856108e-01 9.993969350830624876e-01 8.666284635140506509e-01 5.217388707986714280e-03 1.670851993396533786e-01 0.000000000000000000e+00 2.028923755640619220e-01 1.357654721953629462e-01 5.790286964976587569e-02 1.999904753847090433e-01 8.235229994536652498e-02 8.744343641354852537e-01 1.726753737604553862e-01 1.767944525634703723e-01 2.307832534135343394e-01 1.986041727588272465e-02
2.586857248303431334e-04 2.842486587144712473e-01 9.992531677747678032e-01 9.964638793616273915e-01 1.670458012757336519e-03 6.882880643567190759e-02 1.699345272836092491e-01 1.733658709225807115e-01 1.006684167968252552e-01 0.000000000000000000e+00 1.971737403716673498e-01 3.667562381189881648e-02 8.787929556179641111e-01 1.657934241606255910e-01 1.735140106770671764e-01 3.035089417531509071e-01 0.000000000000000000e+00
5.496779324303702197e-03 2.496436905503429671e-01 9.885754455962114662e-01 8.677147678744780990e-01 9.129227802624484411e-03 3.662390876823806707e-02 4.979020199060659735e-01 1.659789214982083649e-01 1.739591682457728439e-01 5.213047027586341642e-01 3.605063263992178690e-01 5.516265031542033626e-02 8.784369021254008203e-01 3.513160455017612094e-01 3.563417775603028304e-01 2.498647882773212814e-01 3.082122607470516584e-02
1.243786222224230187e-02 2.375197384265241851e-01 9.851747067487224285e-01 7.413580294539805493e-01 1.414670588117505901e-02 9.105957625220995055e-02 6.307653142139875158e-01 1.560308487770214469e-01 1.758173379781169388e-01 5.046776017451151120e-01 4.163183876342486656e-01 7.609171620147847648e-02 8.846851403121149815e-01 3.927444727932680735e-01 4.066157383791875191e-01 3.350909759784030939e-01 8.469739425108979702e-02
2.647461136419337890e-03 3.106185343875225158e-01 9.933591291223393682e-01 8.623267331371309297e-01 8.977060434024686231e-03 6.439541657140512854e-02 5.612170883579548075e-01 1.982007436157289249e-01 1.789112702987729620e-01 3.496129786568502595e-01 1.763318519873848800e-01 4.040267634611893754e-02 8.605750925604489510e-01 1.725853451315657594e-01 1.708758300426183041e-01 1.008410564249970776e-01 4.473694938931149778e-02
8.234043796420564831e-03 3.205246572203428457e-01 9.879641714186249146e-01 7.448865065842724675e-01 1.444447645792212853e-02 1.356531667560139098e-01 7.762710753966732824e-01 2.023502095620273167e-01 2.090767286483625753e-01 3.730384879969221856e-01 2.679450544404602397e-01 5.783727089970014390e-02 8.669475345054387105e-01 2.515280788889953101e-01 2.574404429336993871e-01 1.892038926928023557e-01 1.279673068499151967e-01
1.383966957448024004e-03 3.329752328424220309e-01 9.963713664637126044e-01 9.041234226204757363e-01 5.995577708882038337e-03 1.029760026622446034e-01 6.435987654240440392e-01 2.238169159470402292e-01 1.473455851319904752e-01 1.740246448314834993e-01 1.499219066817261137e-01 3.036810762124986240e-02 8.325474776053951587e-01 1.405967904072724650e-01 1.399492153176851161e-01 1.256764427375998139e-01 6.110108601930086536e-02
1.478447550226746898e-03 2.863651120978545350e-01 9.896256696423719745e-01 9.068656885098498321e-01 5.899197428602676041e-03 7.505198567940674081e-02 9.631609572685118081e-01 1.816386584244185087e-01 1.389982538050773542e-01 2.301590376456061904e-01 2.411730008765147204e-01 2.545250064561699332e-02 8.504072276432417254e-01 2.215120550291231893e-01 2.291397639390169161e-01 2.401423849679531486e-01 9.019574806357866237e-02
3.230715092797709076e-03 2.419191785871603884e-01 9.960151406832267185e-01 8.689812881706622250e-01 9.162425969643450685e-03 8.610433418032492625e-02 3.369954621891180224e-01 2.195603293993713123e-01 1.134243370473448920e-01 3.210481718739686130e-01 2.251989454893532638e-01 4.478874229445395372e-02 8.543139670358215199e-01 2.154087526368613226e-01 2.128254229136672393e-01 1.856758764287604890e-01 4.114990838624432712e-02
4.318945767636250821e-03 2.243295556631750287e-01 9.958749517705953735e-01 8.646323388985415193e-01 8.577199452548533998e-03 6.735258999408522129e-02 2.223569184436486879e-01 1.889611124830423705e-01 1.187800261342886188e-01 3.849246965020114430e-01 2.958737168241185600e-01 5.701120234964207611e-02 8.628687940127051093e-01 2.839011738023486942e-01 2.841346289647219692e-01 2.406351614572770359e-01 2.585072264590770885e-02
7.373428495910161473e-03 2.018200576079109965e-01 9.925887215844682032e-01 5.718620778065570676e-01 1.472347810386764877e-02 1.238745237337441907e-01 6.600346770004774655e-01 9.610822795765727733e-02 1.174330522875166594e-01 3.723258849844697238e-01 2.500615905264140792e-01 7.572100276017579290e-02 8.575450184076878202e-01 2.263967905721102625e-01 2.386925201598870672e-01 2.210460338845763317e-01 1.147020124623150394e-01
1.458268526874917370e-03 2.441381226341263755e-01 9.942279776233746702e-01 9.437783741632443935e-01 6.744851963651044002e-03 2.604165285509907335e-02 4.906853680914773363e-01 2.191805363979995036e-01 1.124185933555459371e-01 4.080077321512050048e-01 1.931310352860720059e-01 2.562880430194169890e-02 8.416286055182595760e-01 1.960403137693447206e-01 1.887079365583588242e-01 1.251858612437928286e-01 1.858850028059855219e-02
4.104460122093200880e-03 2.009278961125886553e-01 9.953700471583388776e-01 7.495679034959792375e-01 1.001149995892713918e-02 1.131410059790178835e-01 5.278981135332472263e-01 1.432365194709177558e-01 9.355867536603312828e-02 2.861510559958873046e-01 2.558871531430639834e-01 5.679182937788951335e-02 8.532921765049792384e-01 2.324113004264773963e-01 2.401979894585224429e-01 2.625964206647353194e-01 7.702532672487727439e-02
3.509212342208911650e-03 2.068646627843122587e-01 9.964396366398844407e-01 7.953828301378145227e-01 1.133783442527303009e-02 1.134650585211414153e-01 3.954347252233532117e-01 2.007545018821730309e-01 8.288484184151556633e-02 3.054548744275251693e-01 1.928748495337941904e-01 4.552175536898417363e-02 8.393114743962826196e-01 1.814625130162994537e-01 1.797342553194880566e-01 1.771427216802692328e-01 6.541370529434331615e-02
1.799507838967429052e-03 2.509458927329184519e-01 9.985357345257028783e-01 8.626141380332299491e-01 8.738569224610692743e-03 9.149524099923933562e-02 1.168688469580434486e-01 2.339022833980806126e-01 9.077084973382909538e-02 2.595473799547605154e-01 9.933929610382108422e-02 3.954645467629447353e-02 8.222962120361856364e-01 9.990052815081185145e-02 9.214021141012551652e-02 6.382531084427967016e-02 2.356792415697572807e-02
5.235487699110308313e-03 2.016579720903450834e-01 9.932613898053759272e-01 7.440742714464363416e-01 1.463758128105663303e-02 1.511484647726808461e-01 7.271501242687437028e-01 2.077165976212143050e-01 8.321493194495488410e-02 3.181558003204330021e-01 2.351988687457549076e-01 4.332314384921076567e-02 8.391732821667936548e-01 2.164224116485939930e-01 2.187496870657668069e-01 2.410514423534806383e-01 1.361457363805484988e-01
3.493844211860164251e-03 2.302534134608009708e-01 9.986929734412157700e-01 7.018114988252079911e-01 1.021540933058595613e-02 1.820429110099963665e-01 1.914845323614642325e-01 1.700507758692708649e-01 8.235395671430367770e-02 1.647214146632265397e-01 1.452466919161992109e-01 6.486484027904637628e-02 8.256493872478642970e-01 1.289483708475103185e-01 1.302925633286093898e-01 1.556161813311973674e-01 7.245830939857000885e-02
7.072680866428981972e-04 2.538245382134540762e-01 9.977851835755586762e-01 9.479734281444862631e-01 4.992055611435119999e-03 7.384955831103567903e-02 4.470844329980394605e-01 2.317468823132031730e-01 8.306827744111089373e-02 1.537747447662312084e-01 1.338538199565277864e-01 2.370382665279890944e-02 8.348247640148969140e-01 1.253292637440210910e-01 1.218889048179363499e-01 1.435061716688323941e-01 2.995333273480316194e-02
5.308352682504846598e-04 1.915442594013931910e-01 9.986738886643209412e-01 9.301951499117642186e-01 5.443258059703026674e-03 7.544494955853142670e-02 2.961262934045230111e-01 2.188332649451609768e-01 4.262674479425854202e-02 1.375947615674206759e-01 9.751798501190478419e-02 2.299720474394462144e-02 8.264747274409600664e-01 8.997807792586343112e-02 8.559167511661769367e-02 1.298086315124891144e-01 2.357952137986440988e-02
5.687210504987660897e-04 1.900830707228351457e-01 9.967143311308390707e-01 9.597634584237511035e-01 4.359847183431853068e-03 7.087598615744106212e-02 7.268006890241229812e-01 2.103337264479563373e-01 4.815529719989797286e-02 1.360010920099199438e-01 1.989777987572125539e-01 1.826160589164871340e-02 8.368990748522655565e-01 1.787280865527520746e-01 1.802551573901496340e-01 2.861432348702237505e-01 4.721806185485899476e-02
2.448744528990687286e-03 1.719530252537246895e-01 9.975683748968648956e-01 8.761019892886210414e-01 8.657141194846396104e-03 9.267510169717674273e-02 2.392891128564480496e-01 2.200495806412448019e-01 5.551269104756073602e-02 2.758021152826586331e-01 2.208514620594002054e-01 4.022364320354654410e-02 8.420586592470407084e-01 2.074734217255382873e-01 2.038293418343357644e-01 2.379675834284853408e-01 3.665572993480470387e-02
9.271659867948756073e-04 1.733953745564420501e-01 9.963573335395210506e-01 9.416112957452895671e-01 5.888498807024689086e-03 7.795593279599000169e-02 6.654745228991272299e-01 2.266267092739155942e-01 4.425800857945816347e-02 1.864572291804762472e-01 2.091600727239466551e-01 2.073047564110197527e-02 8.385122963148070596e-01 1.908742773889287037e-01 1.902596672332492744e-01 2.828115609534904706e-01 5.247969275813701984e-02
1.088664991556242967e-03 1.697625186314724033e-01 9.952876037287410327e-01 9.423873276319199022e-01 7.308135051772524093e-03 7.553794336002006560e-03 4.004928502366453813e-01 2.102758038583374400e-01 5.734007064332757864e-02 5.074488166155148861e-01 1.592869373522347587e-01 1.912378322228036609e-02 8.094610556067429741e-01 1.702456566079604272e-01 1.578703057444812430e-01 9.719879064526537604e-02 9.154302319780427410e-03
2.848817053191510240e-03 1.692874096384393567e-01 9.960315592045176913e-01 7.659222860973642355e-01 1.629752935460793140e-02 6.368071476440295697e-02 4.246851440549166412e-01 2.223848919107069833e-01 4.512287336530462767e-02 6.034472677230553472e-01 8.529701818918056233e-02 2.358413396692071728e-02 7.222217509552919523e-01 1.013975502530399808e-01 8.730419228206187654e-02 2.135192845717881482e-02 5.710658999681417214e-02
6.391471783331326151e-04 1.720223407797405457e-01 9.976915839712248157e-01 9.580603859079559470e-01 3.200834259444285124e-03 2.951317481375248519e-02 4.468459706902825346e-01 1.525332613770871149e-01 4.370496734506446046e-02 2.564343113755995773e-01 2.381618370906011251e-01 2.292889400430908609e-02 7.902740728946966442e-01 2.287950646594225645e-01 2.280635073813641611e-01 2.644492163646532390e-01 1.287943580748773797e-02
9.210521436102681037e-04 1.332446403759348641e-01 9.970664873633197089e-01 8.547253992388554877e-01 5.236425766369734447e-03 5.503541775575460093e-02 6.642001402472121896e-01 1.184880905208984814e-01 2.569171937649983306e-02 2.802391113800837275e-01 1.934814275900720304e-01 2.447463402890193152e-02 7.689331307030542462e-01 1.823460863246850749e-01 1.839122422718446614e-01 2.336318088211442046e-01 4.765358317932300025e-02
1.283639793342672419e-03 1.537135999291550092e-01 9.957866145128377866e-01 9.007616189281009156e-01 7.116734990430195751e-03 5.200335166619218796e-02 7.072330896542426970e-01 2.070187194229049510e-01 2.816339465341144432e-02 4.392267100384046330e-01 1.813243086299110018e-01 1.496883370506196798e-02 7.156242088153312864e-01 1.877724614991223007e-01 1.775518928461394808e-01 1.582966000836592002e-01 5.606161922473695824e-02
7.593526849802856304e-04 1.651332715282869401e-01 9.959343110399032639e-01 9.572977076795545770e-01 3.262477121766416133e-03 3.307907868767134829e-02 7.770319038075754747e-01 1.564172341163470037e-01 3.604200194909878974e-02 3.214295771202202445e-01 2.884554969593011720e-01 1.612728791481288226e-02 7.404272568501895080e-01 2.810513788440971439e-01 2.811871074314069574e-01 3.189572103187430230e-01 3.637850007991794143e-02
4.304412861841910853e-04 1.943902982699015070e-01 9.979066385343955403e-01 9.736723770506188202e-01 2.294960255415645634e-03 6.599486084922201456e-02 8.136408702125796921e-01 1.852076171746119826e-01 2.451614047609140812e-02 1.982510326729283179e-01 2.394140892141507493e-01 1.062721446243131140e-02 6.540982223956497421e-01 2.328368505101394703e-01 2.302503190502704911e-01 3.018542443969352007e-01 5.282338411421871882e-02
6.769661426346829103e-04 1.757491483375872576e-01 9.981096949473808877e-01 8.710012785161076465e-01 4.015472060522995434e-03 1.105037502218122469e-01 8.585460034896907899e-01 1.601565373144353543e-01 1.495599232606181772e-02 2.081906966225872679e-01 1.579886390753273417e-01 1.331892020494152007e-02 6.123499970962704708e-01 1.535584150346664956e-01 1.508154843339752915e-01 2.046043103565438059e-01 1.029635706741576229e-01
9.962557554814566174e-04 2.285942441225472521e-01 9.991119263928212035e-01 9.189547148404066945e-01 3.592052264144385276e-03 6.614067172514914716e-02 3.469009708802062164e-01 2.158426420275247892e-01 2.482511212213722729e-02 4.677138695971621019e-01 1.331052253775197869e-01 1.225190953317323306e-02 4.316135656686519440e-01 1.606194046923974383e-01 1.408201164978919451e-01 6.041966557926059522e-02 3.383874672936837413e-02
1.320590124180398561e-03 1.865635743321263362e-01 9.975827586441567973e-01 7.972117867354775456e-01 4.402115345229162813e-03 9.380357599454480777e-02 9.466379491848169181e-01 1.390246023705259404e-01 9.882700608748962168e-03 5.207286120577307997e-01 1.647821871518715398e-01 8.888092521740276197e-03 3.369878180399226153e-01 1.878827568702661210e-01 1.754654252821268301e-01 1.075453409245028524e-01 1.384597120215049770e-01
9.072876442388633222e-04 2.701183242114346683e-01 9.999446401140801299e-01 9.404233686968730410e-01 8.758569556164275127e-04 1.897942234601144307e-01 2.557456912694640039e-01 1.997067994117145417e-01 9.633370984367672918e-04 2.122313304052809713e-01 2.586793582418493997e-01 1.353334928837313100e-02 1.566849068718525473e-01 2.826212273085815241e-01 2.643737897659121927e-01 2.480574289842110147e-01 6.530341445923504295e-02
3.961302646757758339e-04 2.451379026704749720e-01 9.998210802166127564e-01 9.798189805067316627e-01 5.462122986799045066e-04 1.585343693664560405e-01 5.464365485780477982e-01 1.713417003990969079e-01 1.588765826451066232e-03 9.741642216260260057e-02 3.137745502536546383e-01 1.109019925558030195e-02 2.859395839967291408e-01 3.137306638025165739e-01 3.089588193871009025e-01 4.177699811537678443e-01 6.505925555430014384e-02
3.597946590588207982e-03 2.153284809046525083e-01 9.994532772736732795e-01 7.582671419022304349e-01 2.909319992964398693e-03 1.233102031018020739e-01 3.002580423738212545e-01 1.128149044427857461e-01 1.796455674155694737e-02 5.629550679089945220e-01 2.866200169216597260e-01 2.965167841766103152e-02 2.430507273352482400e-01 3.201579765519824150e-01 3.050508485994214425e-01 1.713964429658858535e-01 6.983529853727077352e-02
1.072996180383256615e-03 2.567978041804472866e-01 9.997246740274476906e-01 9.297077638672490707e-01 8.340853263799630213e-04 8.362995262217065573e-02 4.305666593772636830e-01 1.386327690605071439e-01 4.881939959243908334e-03 5.412733246889018801e-01 2.906421168792689969e-01 9.503687099019941797e-03 8.372866737748196897e-02 3.445559023706579183e-01 3.195229790500349054e-01 1.635109216391015252e-01 4.538853217772320647e-02
1.526790343007178308e-04 4.185641671147593001e-01 9.999595851783382727e-01 1.000000000000000000e+00 1.322762742130834113e-04 9.075044265933485121e-02 5.381082354443913474e-01 1.880411096630183465e-01 1.723193030616343435e-02 3.532234334218671279e-01 1.426331814024450750e-01 0.000000000000000000e+00 0.000000000000000000e+00 1.988784946224484429e-01 1.699469098137882384e-01 3.662712162775960678e-02 3.811710547829783025e-02
5.278284601217819727e-04 4.333214849637450072e-01 9.999143991624563910e-01 9.500074645600626866e-01 1.180489612355728468e-04 1.557283693913245060e-01 6.004690713724780693e-01 1.107803857092903854e-01 4.621654319319290494e-02 1.855193401676515919e-01 2.878606699000414437e-01 1.279852882025167560e-02 7.518124246335489147e-02 3.187585927639418060e-01 3.101142382886763471e-01 2.060927368037965834e-01 6.782423990391883706e-02
1.902975447194421577e-04 3.829095447323211943e-01 9.999970530859201290e-01 9.367397643220449766e-01 1.704794894452632548e-04 1.366755354696369551e-01 5.070998423741377437e-01 1.076251695228620520e-01 1.673640358504968617e-02 1.830089772358221012e-01 1.440719309599245435e-01 7.190708495851794169e-03 4.578587720683202633e-02 1.765190373982505889e-01 1.621527398062880820e-01 8.389898367317982775e-02 5.423356209453888965e-02
3.540683600533611752e-04 3.854775300200401489e-01 9.999374833227463455e-01 9.683301763846507981e-01 8.176898212219896322e-05 8.153622852878505967e-02 4.552872700157699626e-01 1.038795674143102588e-01 2.533223572174136962e-02 3.633496123476049888e-01 2.463171691983632172e-01 7.340345048547192164e-03 2.636512797289469745e-02 3.001087605581602702e-01 2.794017875790757444e-01 1.155642082278092175e-01 3.027723628354284102e-02
4.757104528039235447e-04 3.494414269982186738e-01 9.999316596592109363e-01 9.538699540010107114e-01 1.987222615067452125e-04 6.701793998900029692e-02 1.899636459968494506e-01 8.025679484207159931e-02 3.917946987829523664e-02 3.004962685573886461e-01 2.698720076965059889e-01 1.885045748236180430e-02 1.486449616707723465e-01 3.063226415924305002e-01 2.942854365635838576e-01 1.589161375629828399e-01 8.979319237632843453e-03
2.597046987020235065e-03 3.890388632021846149e-01 9.998998750859300344e-01 8.181693776571172805e-01 5.930551804711470254e-04 1.564607369104491497e-01 2.251879614523151218e-01 7.609882927903299787e-02 5.689290884424735850e-02 4.092037883586314706e-01 3.456126034792958990e-01 3.449346739202496792e-02 8.388566043854694954e-02 3.881449652519393112e-01 3.780958179010553977e-01 1.793623011279095181e-01 5.633246621137200094e-02
4.081240881532721687e-04 4.210520460387066066e-01 9.999506742714814322e-01 9.372398385899671780e-01 3.784240157145291050e-05 1.365915349430171233e-01 4.791842619182142826e-01 6.723393441372138568e-02 5.313614672039079778e-02 1.300498338854865210e-01 2.924315741253735723e-01 1.954134862844014719e-02 1.234138174774486174e-01 3.115591351606781245e-01 3.113811050511827716e-01 2.351933286184646477e-01 4.475842128484774918e-02
1.597483742600047663e-03 4.249295908983832248e-01 9.996749273112044420e-01 8.309116181880291663e-01 4.422450008707556890e-04 1.022049381977376825e-01 6.058416513253082059e-01 5.073086727468023582e-02 7.650993919378734631e-02 4.867756071558204667e-01 3.062254691366490533e-01 2.268293211135130605e-02 6.464388614901395158e-02 3.564689355392118841e-01 3.475650277176498548e-01 1.160541312229668165e-01 6.385180827564163053e-02
1.468358038550832134e-03 3.637335571822752911e-01 9.993084574960562350e-01 8.314720402003175082e-01 5.161290459270162501e-04 6.582081953674290276e-02 7.182467016234062029e-01 2.806340663229889287e-02 7.375739365448552576e-02 5.060806544805771523e-01 3.557573583581046250e-01 2.489884724023028184e-02 1.401641553214574287e-01 3.959027883432213457e-01 3.958759957655360040e-01 1.763105988869568819e-01 5.358842627778859224e-02
3.153807623021975814e-04 4.264699161030165442e-01 9.999383252981957071e-01 9.333405164324517500e-01 4.372796752694085853e-05 9.542014579869650959e-02 3.837834224861351728e-01 4.826223232761606141e-02 6.898181606190334492e-02 1.504694928030971823e-01 2.504448529155354208e-01 2.226443771408526118e-02 1.643012216217556443e-01 2.710537330824251967e-01 2.708011848502565044e-01 1.695253190535623844e-01 2.308153677555146999e-02
1.610078927711811048e-03 3.422878373034166088e-01 9.997210956317772457e-01 7.980533999214145524e-01 3.711911914114907063e-04 7.122927748291552064e-02 2.838730042017907351e-01 0.000000000000000000e+00 8.361536687292669967e-02 3.487945413763497982e-01 4.017602456224693697e-01 5.302792303062275892e-02 2.505421246293657589e-01 4.190845808667660322e-01 4.323843506944484716e-01 2.660248938829425924e-01 2.107481244857467573e-02
7.151191967125214433e-04 4.136359424612869873e-01 9.996958363682466597e-01 8.281393447851783662e-01 1.563316216781629464e-04 9.935219087208757571e-02 7.285215419385071556e-01 4.554483932224684395e-03 8.792094131882421948e-02 2.203852465889966084e-01 3.205309647123328887e-01 3.087919069900735280e-02 1.715343419823120996e-01 3.353918454869813104e-01 3.483215576461731189e-01 2.199049654749103411e-01 5.686061971262379444e-02
6.994503855395350911e-04 4.420834668625168717e-01 9.995399305805250378e-01 8.945119090441906451e-01 2.282493977920907469e-04 7.246056386766230872e-02 6.911445148912900294e-01 3.368675893906925012e-02 1.104502891711334200e-01 2.873916623465859743e-01 3.052178036202093381e-01 2.486113801953493407e-02 2.015505425079844315e-01 3.306420241278971162e-01 3.350749818310561068e-01 1.668507170391819727e-01 3.969415562769551542e-02
1.250965811834703345e-03 4.320530487394016461e-01 9.991630764014871602e-01 8.494590851195624737e-01 2.774094315345365658e-04 9.041789446803516483e-02 8.411809708735473734e-01 1.422672501726651717e-02 1.290415015473804772e-01 2.737401045941965094e-01 4.216695417088942577e-01 3.502865824890477597e-02 2.531458562804047574e-01 4.322069617058019730e-01 4.520966846864098443e-01 2.985639461453359900e-01 6.583047087638949080e-02
9.458081971018827971e-04 4.374461154834534682e-01 9.980278829993736167e-01 8.447169447995364067e-01 6.279018355925813921e-04 6.230871489323597245e-02 9.900679124716802448e-01 2.715447581016405820e-02 1.437068997230710465e-01 3.636797694295452743e-01 2.987120264808140746e-01 2.237236164628697566e-02 2.886717200256825322e-01 3.190273524279945150e-01 3.288380815545650648e-01 1.523233588347920886e-01 8.081196835160397995e-02
1.048006264042555813e-03 4.246521392858113586e-01 9.988308469213507124e-01 9.222219008951313413e-01 5.175458188331205633e-04 4.986665497508191436e-02 7.046702935119384392e-01 5.620758407597747919e-02 1.412966024102360052e-01 3.564116914389074964e-01 3.586273933705825812e-01 2.756681082140488570e-02 3.498994420598329214e-01 3.805969042306713845e-01 3.864183394968705443e-01 2.029434670129433016e-01 3.153121806007508354e-02
2.300007754215016575e-03 4.460447633379764909e-01 9.964794199799484886e-01 8.331258525546409999e-01 8.169417121619559907e-04 8.569317422485145386e-02 1.000000000000000000e+00 2.920010566521114015e-02 1.973868597734238506e-01 3.361962557364890358e-01 4.726263619694606177e-01 3.866725197399034641e-02 4.266352400503201636e-01 4.731952762163871284e-01 5.001885651135182798e-01 3.345886512586702111e-01 1.022240837934305091e-01
1.500230204570129899e-03 5.165768113903759229e-01 9.987073571885076717e-01 9.181622988693973753e-01 4.170608693838673275e-04 7.373465915746901800e-02 8.018203727534602976e-01 6.385910730119803702e-02 2.007427170901543434e-01 3.559377483267098796e-01 3.950587548099235846e-01 2.936925132427248286e-02 2.888597895155129436e-01 4.217339874452363802e-01 4.293291381137436247e-01 1.982927105516409938e-01 5.071450550656830814e-02
3.446804369346523345e-03 6.220575291665824125e-01 9.993232622310799229e-01 7.442917157627171321e-01 4.745560297143569528e-04 1.229918405166214868e-01 5.900335384660762017e-01 1.759842223638941050e-02 3.137627492326302558e-01 3.606184693568295074e-01 3.516045256383506512e-01 6.398677582079415060e-02 2.231551653429129090e-01 3.809145152416846258e-01 3.935536567277750919e-01 1.049019078461697063e-01 6.303167930335185076e-02
2.776319568638996316e-03 6.545104720844356905e-01 9.992004741444375782e-01 8.508329292615250949e-01 2.350088610540979062e-04 1.693656247360255662e-01 8.025366772564002105e-01 4.427356465437526367e-02 3.274416165529139278e-01 1.938069510656390548e-01 4.539770858127667452e-01 5.437854043052681163e-02 2.636089472708853521e-01 4.640302021328182036e-01 4.873045282155601399e-01 2.497987189128139107e-01 9.472509089923342174e-02
9.947341435389347453e-01 1.120597399506202407e-01 6.282975179195204873e-02 7.824008172546470519e-02 9.939494925490199861e-01 7.566247418984124451e-01 1.723866757071617073e-01 9.086491024091856161e-01 4.922214084393914391e-01 1.000000000000000000e+00 5.581850793011824408e-01 5.308847968384071692e-01 9.990768424651825796e-01 4.727427381455697741e-01 4.610679554101295707e-01 4.287732740859979685e-01 8.404072833687994404e-01
9.982882575490066301e-01 5.720974441187109960e-02 6.260290957246894550e-02 5.518896991066668534e-02 9.873566755452873878e-01 8.264273134223989459e-01 2.218460046639600947e-01 8.431497157900338379e-01 4.300941437466967443e-01 9.217178699099619621e-01 8.763624805055769684e-01 7.057500231086564213e-01 9.992981906503821676e-01 7.699853770432980582e-01 7.939488683830120408e-01 8.934190303475730843e-01 8.912497658416853596e-01
9.998767542762720950e-01 0.000000000000000000e+00 5.813629996829661195e-03 5.032323856113407601e-03 9.978817093399552363e-01 8.497746374366306199e-01 4.243415317631260564e-02 7.112551866245979681e-01 4.949705081982536115e-01 7.007047419713927638e-01 9.083587399973538368e-01 1.000000000000000000e+00 1.000000000000000000e+00 7.401794371521361882e-01 8.010695686602389287e-01 1.000000000000000000e+00 8.597910111936410971e-01
9.993054941433570093e-01 4.801918343411770707e-02 0.000000000000000000e+00 0.000000000000000000e+00 1.000000000000000000e+00 8.298338657633603788e-01 1.616653380280839158e-01 7.647739477533264107e-01 5.157414312201744622e-01 9.198726426100449771e-01 6.663355322921802326e-01 8.550285233152443709e-01 9.997365844443635297e-01 5.230069113969051386e-01 5.519955879366307272e-01 6.800024715649186646e-01 9.044554248256426732e-01
9.862309570072227416e-01 2.525648751185691765e-01 3.962302794439338527e-01 1.642737360735502250e-01 9.666814304554911530e-01 8.309392757646012484e-01 2.742972899044451296e-01 9.448665659936494876e-01 4.927259477036649571e-01 9.555053561943154250e-01 4.900284788800348679e-01 3.365217994408773450e-01 9.951265471330721368e-01 4.413200555870133712e-01 4.114694004267818173e-01 2.922879052675000366e-01 8.820573970846794509e-01
9.907446103048158648e-01 2.058035488746696728e-01 4.213050100275737009e-01 1.469800112911663348e-01 9.533085705704120727e-01 8.672822584595429873e-01 3.359212938721984898e-01 9.210718840268157237e-01 4.299610700555334120e-01 9.224944417911657979e-01 6.879416559960418454e-01 3.935272162914422722e-01 9.945987984107134139e-01 6.212161837688370269e-01 6.078159261890903053e-01 5.804852169248135851e-01 9.141999263385871544e-01
9.956883373897937872e-01 2.638303871150604607e-01 5.211116573816667596e-01 1.456723869062450660e-01 9.088891980043154462e-01 9.191998711830411395e-01 3.966310632720766449e-01 9.016944695096782425e-01 4.661146748290398989e-01 9.140478885144673882e-01 8.884286869310784596e-01 4.529599788285700868e-01 9.894343404815089116e-01 8.387342484664515041e-01 8.404633358911581809e-01 7.903822101760766827e-01 9.487903753116091465e-01
9.939492998029351156e-01 3.054427335813905131e-01 6.153545309540717767e-01 1.383252581019327465e-01 8.983601489163381970e-01 9.354620333104994856e-01 3.992761124947872275e-01 9.026097872705491909e-01 4.828644503915917596e-01 8.717698136167157941e-01 8.208675677002474913e-01 4.336090710775586388e-01 9.871360305824694592e-01 7.661699117317652963e-01 7.636818757480057229e-01 7.066570701463490423e-01 9.556275847331123785e-01
9.873762168093094260e-01 4.272398111639041929e-01 6.940428202051904805e-01 1.909165053571726389e-01 8.920465354817928016e-01 9.277219370816078836e-01 3.459240311633431375e-01 9.385088037641509118e-01 5.730311530072782489e-01 8.539721033401903583e-01 6.162711570364507452e-01 3.422262003481471027e-01 9.841736353451082664e-01 5.737942730461185192e-01 5.495891885932877585e-01 3.876884458509834985e-01 9.362375033444356731e-01
9.914616004043637076e-01 4.214415975112899559e-01 6.512025479299765607e-01 1.074475986714311659e-01 9.235673360649423458e-01 9.255043500244646282e-01 4.198648696296025662e-01 9.227735483789132331e-01 5.670840426958569935e-01 9.593976980053113834e-01 5.330869354061888998e-01 3.424276396524632560e-01 9.776302526505524781e-01 5.081280452261012215e-01 4.771616701879963784e-01 2.364063928804824855e-01 9.594062445693536390e-01
9.921116389098756372e-01 5.645289422530979095e-01 8.600622065496281721e-01 9.672091525127868294e-02 8.086902877224790842e-01 9.949603318005735275e-01 5.456756272476850356e-01 9.030143357724682573e-01 5.902624763862078794e-01 8.761440974162866269e-01 6.248064224735401240e-01 3.397624193544359628e-01 9.215136651458522010e-01 6.083379309051935024e-01 5.832749200115898702e-01 3.031901186570564732e-01 1.000000000000000000e+00
9.959018541749458109e-01 5.883835048578589522e-01 8.364605120179007258e-01 1.325276572246636420e-01 7.496569853763084268e-01 9.968534734532035202e-01 5.596984823917559027e-01 9.055528455895398565e-01 6.266125820101500210e-01 9.055564917100937805e-01 8.273911231870414440e-01 3.735014056992191911e-01 9.118374358569489857e-01 8.163709413337869591e-01 8.036934528881971573e-01 5.157813591324327263e-01 9.996932908177296184e-01
9.975390277846827303e-01 6.220187133638219734e-01 8.206743142829111548e-01 1.944171601180570974e-01 6.766271848690568191e-01 1.000000000000000000e+00 5.061495899005432619e-01 9.113036628046984333e-01 6.867129446726671915e-01 8.668397712082267503e-01 9.726395321972347574e-01 4.331252046798539368e-01 9.277022993947205975e-01 9.639048032745591854e-01 9.651768259687543150e-01 7.402368795241471844e-01 9.918926025437961869e-01
9.986335059385993418e-01 6.826195342790342124e-01 7.577589616534154970e-01 2.315545918860308916e-01 6.848831608569003748e-01 9.909346807151369063e-01 4.589217604943689466e-01 9.242749093348265887e-01 7.786433517330841880e-01 8.941951423482592531e-01 9.992400165322266048e-01 4.707292355299550479e-01 9.440109808275565229e-01 9.954767051952728707e-01 9.979907073870890599e-01 7.312332274906481189e-01 9.801610546196544149e-01
9.976515158171679332e-01 8.086295644964991425e-01 6.138653570393373116e-01 2.794933346900982940e-01 7.850830277914706556e-01 9.552047696008418853e-01 4.624791510509540515e-01 9.629357339772184332e-01 8.935695334900799480e-01 9.724102147300897059e-01 7.982498186509161542e-01 3.927013500958800307e-01 9.573957047318373270e-01 8.058453430734573431e-01 7.818003206933923366e-01 2.672013017201209095e-01 9.556338146689382640e-01
9.975778824273078271e-01 8.219837167149997015e-01 6.227777373551575124e-01 2.893131023882418162e-01 7.596377930025406400e-01 9.642910644634596906e-01 5.342946852945456016e-01 9.626227935425362148e-01 8.963285855503997368e-01 9.574440568689013276e-01 8.199859625813417097e-01 3.846790358950578081e-01 9.521214597340836860e-01 8.271147740379234392e-01 8.059042799555840020e-01 2.961704133044804621e-01 9.658834748736966347e-01
1.000000000000000000e+00 8.541615490078164896e-01 4.081030454462606372e-01 3.659046682608639856e-01 7.533831543953573018e-01 9.499177912532621448e-01 4.471018592684519177e-01 9.655042125235269168e-01 9.478271251170511391e-01 9.683990300977711740e-01 9.948850923615992770e-01 5.214927956256794062e-01 9.764652536162863328e-01 1.000000000000000000e+00 9.987244656403788667e-01 5.277158789047291521e-01 9.404454591481297143e-01
9.994253989691941342e-01 8.828518449634827903e-01 4.524162836087626260e-01 4.082799982828149155e-01 7.017722723453818645e-01 9.683281118320499203e-01 5.054550169363327683e-01 9.665982471970977485e-01 9.579015821020284704e-01 8.680343328159096927e-01 1.000000000000000000e+00 5.327636376618869463e-01 9.797322141686350960e-01 9.966075868382233693e-01 1.000000000000000000e+00 5.858149952434388297e-01 9.482075168748158589e-01
9.989874406627166081e-01 9.812817869877008548e-01 1.225051127205176726e-01 6.255143159219365145e-01 7.462143761721149460e-01 9.268717665010859363e-01 6.409998003818984103e-01 1.000000000000000000e+00 9.977521634035575460e-01 8.876833152179628428e-01 9.250592896788560893e-01 4.782767134025718292e-01 9.905124315502931154e-01 9.250088689530286956e-01 9.177766095327086759e-01 3.015938081810958238e-01 9.118191750897191028e-01
9.972074102585679611e-01 1.000000000000000000e+00 2.062519203179675742e-01 6.569139010610989260e-01 6.736211932967108851e-01 9.605305954910532407e-01 7.545341279800394929e-01 9.998969482600585934e-01 1.000000000000000000e+00 7.039096564721774030e-01 8.975114483738053650e-01 4.672303882814468068e-01 9.907469525524099652e-01 8.828727538037384193e-01 8.801298118835205742e-01 3.223663675765777725e-01 9.365260392095704489e-01
7.882848608460335527e-04 1.823582243328658592e-01 9.973054680622226442e-01 8.184408301022401133e-01 4.921243447822298833e-03 3.464893715369221638e-02 3.590311572848898791e-01 6.140050757481674282e-02 9.339716746014303794e-02 1.473520234580405486e-01 1.611815695260077064e-01 5.619703132429876291e-02 9.034327300536659777e-01 1.352108070819468821e-01 1.471472187648998897e-01 1.984631519520689835e-01 1.142151177481842694e-02
3.415734018687999196e-04 2.189101918258700152e-01 9.986134067610734633e-01 8.504827756602821864e-01 3.357069884826202610e-03 7.722704210901465416e-02 4.388202768799356335e-01 7.371705865452327089e-02 8.634537779128947932e-02 8.902389589863446417e-03 1.185513585793671609e-01 4.839943869253815478e-02 8.986629264566943220e-01 8.763493864819338341e-02 1.004212670162587528e-01 2.191990549227398333e-01 2.373822585856455447e-02
0.000000000000000000e+00 2.322403099057233078e-01 9.967016313344529976e-01 9.219593688735550074e-01 4.009391191761579876e-03 9.501998926406685086e-04 8.005063986682570132e-01 1.080753264400584612e-01 7.748018090530095492e-02 1.555533793445320612e-01 0.000000000000000000e+00 1.142441990265652407e-02 8.454025359997210387e-01 0.000000000000000000e+00 0.000000000000000000e+00 0.000000000000000000e+00 1.223089243654040814e-02
4.340494559045282585e-04 2.162899244833091927e-01 9.929203897476313045e-01 8.370006435474053319e-01 7.469329382328915301e-03 1.905311547306620668e-02 8.843930883578616786e-01 1.124471517500751361e-01 9.069538192133208554e-02 2.940516153819459078e-01 4.908574848541036317e-02 1.870258003411606751e-02 8.476589416591835402e-01 4.805109392511042188e-02 4.815668225512581557e-02 2.884004584905142110e-02 4.195638607919160989e-02
1.240709255242222753e-03 1.876646745383006021e-01 9.930604383310139838e-01 7.933016287812115763e-01 6.337178869883608456e-03 1.001062443951230563e-01 9.300823883169355710e-01 9.102449861455852442e-02 8.736356675447964903e-02 9.385659004423985152e-02 2.356299644677051219e-01 4.316105329692376813e-02 9.004876470787834819e-01 1.894398710221452120e-01 2.108707900144111136e-01 3.723731940125674100e-01 1.008143078330769882e-01
1.447143336847034334e-03 1.613929419805621990e-01 9.937018131309898195e-01 7.885996033900504187e-01 5.829183027304729592e-03 7.879863571725653770e-02 8.143423192168368629e-01 6.656702259815006073e-02 8.510508609005285052e-02 1.097909717573628541e-01 2.899367416730314062e-01 5.618992822150659094e-02 9.141052198938766082e-01 2.351812130029031778e-01 2.624829201216556385e-01 4.443453403977031257e-01 6.743567890713375590e-02
1.080346155760025795e-03 1.490169212375391794e-01 9.964392858167698819e-01 8.311887627985790061e-01 7.565173407442671305e-03 2.400111905542168245e-02 3.293442957492604961e-01 1.031179469808591875e-01 6.816111991623330368e-02 2.935192666333392708e-01 1.450767346530312807e-01 4.290387682567597949e-02 8.866647944681673721e-01 1.326480041302033896e-01 1.353668259799150064e-01 1.428342835468754402e-01 1.161018734564578381e-02
6.350712828862015158e-04 2.064015597130364199e-01 9.867756529046047831e-01 9.116445356533731115e-01 5.288548444391416581e-03 0.000000000000000000e+00 9.441445135478288009e-01 1.044769271301362323e-01 1.074158944545438032e-01 3.555322744891356024e-01 1.849736590187944785e-01 2.082991218178520398e-02 8.696650907138092634e-01 1.754016368729196529e-01 1.812128371164618557e-01 1.568374768263254282e-01 3.122311783377629268e-02
5.055647164823540152e-03 1.530458945477413124e-01 9.945574005186657018e-01 6.089122297046429821e-01 1.114105857140490485e-02 7.771243341301659058e-02 3.737888195193921348e-01 5.183793012950843604e-02 1.083027652472843272e-01 2.883436448813796460e-01 2.874107328677411033e-01 1.030019602586200733e-01 9.129861421966047885e-01 2.467983697607678550e-01 2.686276694804661247e-01 3.153196637793627133e-01 4.728076048580387436e-02
1.507580179961109934e-03 1.827025167132028116e-01 9.927691849895126097e-01 6.246957411685869488e-01 1.166913419074511182e-02 7.777407679581038735e-02 8.901170200191765858e-01 7.293131848011569218e-02 8.545574645853548645e-02 2.493919899074938940e-01 9.395639331157212837e-02 4.087257798394006159e-02 8.657933836733420208e-01 7.942039280295887238e-02 8.681376784203109764e-02 9.857713806827916869e-02 1.009600661699590063e-01
2.319050872287675702e-03 1.735895761934109771e-01 9.956678258095976730e-01 7.763283018727449303e-01 6.427666963774392173e-03 7.145440400146529925e-02 4.841290290618340819e-01 7.577379963110786321e-02 9.690563108329897091e-02 1.865643643038552568e-01 2.949591014491517171e-01 7.029673406232106458e-02 9.021430786512603106e-01 2.521404589791274020e-01 2.731746191164745596e-01 3.705309342910538817e-01 3.987702068215881468e-02
4.926354415871969650e-03 1.894498670385971195e-01 9.887838345203832091e-01 4.895025498832872302e-01 1.867778066311043261e-02 8.971061121249057635e-02 8.360645388990448623e-01 6.708329851328187488e-02 1.183778030551003724e-01 4.183710763774612929e-01 1.451028998949084325e-01 6.361881716005157728e-02 8.685377952994812745e-01 1.308898578011223890e-01 1.397856977647080612e-01 1.033909826950889510e-01 1.223344091344893414e-01
6.306278886825111840e-04 2.136832571635416400e-01 9.977217547582313273e-01 9.131652340664260237e-01 4.991731210162164700e-03 3.154634571747561012e-02 2.712047328186288908e-01 1.411573019473877366e-01 9.103575063119606625e-02 1.828411502920062048e-01 1.270399003702351592e-01 3.639839354994833798e-02 8.815494797104364011e-01 1.155771365601623302e-01 1.166124153301666411e-01 1.280183931842628908e-01 5.333020125287468716e-03
2.508446374562822712e-03 1.923171197131523513e-01 9.977117913820521267e-01 8.698658938414531860e-01 7.775689972378430070e-03 9.370805805220161488e-02 1.530446383266612642e-01 1.858507418003938483e-01 8.688353299313789080e-02 1.826710371641482311e-01 2.460780959815167535e-01 5.996086868707806161e-02 8.964458761171201218e-01 2.177596174833951181e-01 2.225720076335733211e-01 2.927717920250501038e-01 2.457033209539805085e-02
3.109841406555347021e-03 2.075430363803292266e-01 9.942806712536977898e-01 9.421636246313802587e-01 9.019053847804769930e-03 8.547015606779329033e-02 4.205043607121972116e-01 2.845122096358778663e-01 9.447086742412480476e-02 2.804573727616954670e-01 3.159831419682603837e-01 3.737922879913924135e-02 8.892390606076823190e-01 2.933422438327681903e-01 2.925940755152964812e-01 3.427493152711491575e-01 4.296701573800909557e-02
3.592768198842577476e-03 1.983612373844749754e-01 9.925711804292376428e-01 9.001419912014760882e-01 1.489842638636051930e-02 3.117580118538842981e-02 2.572246515993548144e-01 2.699450793694069262e-01 1.058797681451792982e-01 5.649176378949434252e-01 1.904185991323430471e-01 3.503091864062923833e-02 8.768499039485497804e-01 1.977462738809094844e-01 1.846078041172205531e-01 1.003027337790740603e-01 1.800053097038833982e-02
3.851788013463419702e-03 1.654575986292599055e-01 9.924777913187696754e-01 9.156049249442546056e-01 1.118522679780209472e-02 3.566236497409658313e-02 2.950616648188404412e-01 2.344860280776543959e-01 8.845614672378587784e-02 4.911025841059313279e-01 3.103211354752488660e-01 4.136954683542626299e-02 8.887616173641710304e-01 3.020009970104240438e-01 2.969729173620123674e-01 2.627478753541083734e-01 1.946687544403058467e-02
3.386501162140120869e-03 2.302812823599715841e-01 9.896806085405600584e-01 9.139356906883406850e-01 1.204119596924702051e-02 5.871242311347479870e-02 6.010111673743168126e-01 2.731710115846794906e-01 1.209948602464869793e-01 4.325528129410542988e-01 2.462954076601278075e-01 3.139630532050929901e-02 8.778693698646407029e-01 2.406834661393162378e-01 2.347265303235701595e-01 1.889363227415827851e-01 4.951110223740862182e-02
7.884652693448401806e-03 2.211746848016353795e-01 9.916755290429932757e-01 7.330111477777663254e-01 1.867388122739921386e-02 4.515790786189199935e-02 2.410326807071818678e-01 1.734873499098767979e-01 1.513721688320970316e-01 6.407879711380459753e-01 2.051245747608021475e-01 6.392835745675640169e-02 8.706146142738191429e-01 2.110924258214055271e-01 2.044810784624360167e-01 8.017045457037852429e-02 3.044420002892334054e-02
1.118592755001657224e-02 2.601663514656991083e-01 9.907236056307624494e-01 8.586368520933156390e-01 1.429430846043366898e-02 7.638129123037540325e-02 2.818615069595180600e-01 2.592803197467787868e-01 1.728714045377621744e-01 5.650344048832920407e-01 3.679970029584325175e-01 6.197135720822544158e-02 8.733476067397845100e-01 3.649079477871026711e-01 3.603550417020926488e-01 2.380380427839696722e-01 4.238318659241357977e-02
3.904373746507872056e-03 2.857029359060341278e-01 9.969230708781253725e-01 8.256694665466213223e-01 1.006734994137303829e-02 4.369471808237435084e-02 7.965377852977262307e-02 1.829215039169014290e-01 1.666459952470802364e-01 4.959389704664545206e-01 1.564631237067999336e-01 5.857570845448378805e-02 8.406772263447201965e-01 1.657023139520958921e-01 1.569259864267280591e-01 4.632175824406203901e-02 8.330750225320038282e-03
2.478411702384164528e-03 3.069550449685856108e-01 9.993969350830624876e-01 8.666284635140506509e-01 5.217388707986714280e-03 1.670851993396533786e-01 0.000000000000000000e+00 2.028923755640619220e-01 1.357654721953629462e-01 5.790286964976587569e-02 1.999904753847090433e-01 8.235229994536652498e-02 8.744343641354852537e-01 1.726753737604553862e-01 1.767944525634703723e-01 2.307832534135343394e-01 1.986041727588272465e-02
1.674625075253288742e-03 2.359486905474419416e-01 9.941547257591238917e-01 8.658818456449814960e-01 9.007679941944068958e-03 6.957983164445380453e-02 6.287882320167481609e-01 1.893991997488626566e-01 1.131569366539402210e-01 2.534367089294633502e-01 1.612801564195507353e-01 3.464314533541212882e-02 8.787656108076156158e-01 1.482916758643995081e-01 1.493056812367825614e-01 1.488408887273351411e-01 5.087107717319483413e-02
5.496779324303702197e-03 2.496436905503429671e-01 9.885754455962114662e-01 8.677147678744780990e-01 9.129227802624484411e-03 3.662390876823806707e-02 4.979020199060659735e-01 1.659789214982083649e-01 1.739591682457728439e-01 5.213047027586341642e-01 3.605063263992178690e-01 5.516265031542033626e-02 8.784369021254008203e-01 3.513160455017612094e-01 3.563417775603028304e-01 2.498647882773212814e-01 3.082122607470516584e-02
4.415998851797553471e-03 3.065494298625175418e-01 9.929956763858953650e-01 9.303550970625735772e-01 4.957827966906691586e-03 6.617764007601856235e-02 5.073254817964016894e-01 1.870486106872704113e-01 1.893853595015002611e-01 3.379704895488941929e-01 4.473004636609232421e-01 5.426418484454487157e-02 8.606088606484014747e-01 4.253862114871509448e-01 4.377595174415205292e-01 3.903495486430728079e-01 3.549506166274785102e-02
2.647461136419337890e-03 3.106185343875225158e-01 9.933591291223393682e-01 8.623267331371309297e-01 8.977060434024686231e-03 6.439541657140512854e-02 5.612170883579548075e-01 1.982007436157289249e-01 1.789112702987729620e-01 3.496129786568502595e-01 1.763318519873848800e-01 4.040267634611893754e-02 8.605750925604489510e-01 1.725853451315657594e-01 1.708758300426183041e-01 1.008410564249970776e-01 4.473694938931149778e-02
1.811668707333069506e-03 3.485624642135434215e-01 9.946976595959142742e-01 9.605659278559635084e-01 4.372445869609720148e-03 4.840920098645362657e-02 5.118998526138618388e-01 2.122152422991376852e-01 1.977642053620165541e-01 2.794747343256247518e-01 2.729785578062120521e-01 3.640547365791491075e-02 8.544103569825232114e-01 2.642729111787360807e-01 2.654629579659797400e-01 1.985512810213094781e-01 2.257349343022418964e-02
1.383966957448024004e-03 3.329752328424220309e-01 9.963713664637126044e-01 9.041234226204757363e-01 5.995577708882038337e-03 1.029760026622446034e-01 6.435987654240440392e-01 2.238169159470402292e-01 1.473455851319904752e-01 1.740246448314834993e-01 1.499219066817261137e-01 3.036810762124986240e-02 8.325474776053951587e-01 1.405967904072724650e-01 1.399492153176851161e-01 1.256764427375998139e-01 6.110108601930086536e-02
2.526754495079330809e-03 2.369363977766738572e-01 9.948372871915793780e-01 8.396754217566311240e-01 7.660944607780884041e-03 9.337121783929447361e-02 6.193419429123814268e-01 1.630738326984442210e-01 1.140616628544144362e-01 2.364575078956505649e-01 2.431581250721137621e-01 4.519484247868277293e-02 8.646901500608166202e-01 2.203511080474527262e-01 2.275212312213881205e-01 2.502478149917237715e-01 6.365138529679104096e-02
3.230715092797709076e-03 2.419191785871603884e-01 9.960151406832267185e-01 8.689812881706622250e-01 9.162425969643450685e-03 8.610433418032492625e-02 3.369954621891180224e-01 2.195603293993713123e-01 1.134243370473448920e-01 3.210481718739686130e-01 2.251989454893532638e-01 4.478874229445395372e-02 8.543139670358215199e-01 2.154087526368613226e-01 2.128254229136672393e-01 1.856758764287604890e-01 4.114990838624432712e-02
1.243248337644331514e-03 3.026378069129407322e-01 9.967281535611647314e-01 9.542145143528095730e-01 4.405749963575011918e-03 5.914142884299877778e-02 4.640419208622068581e-01 2.182496180747648395e-01 1.315717028829617163e-01 2.380983127004157041e-01 2.107775285473678650e-01 2.949010065007229286e-02 8.262249944861750350e-01 2.044645830567333178e-01 2.018774528193887363e-01 1.713883214825386858e-01 2.534481852299563798e-02
7.373428495910161473e-03 2.018200576079109965e-01 9.925887215844682032e-01 5.718620778065570676e-01 1.472347810386764877e-02 1.238745237337441907e-01 6.600346770004774655e-01 9.610822795765727733e-02 1.174330522875166594e-01 3.723258849844697238e-01 2.500615905264140792e-01 7.572100276017579290e-02 8.575450184076878202e-01 2.263967905721102625e-01 2.386925201598870672e-01 2.210460338845763317e-01 1.147020124623150394e-01
9.481468256353764446e-04 2.610448794955466667e-01 9.952419967251415756e-01 9.609342550217050416e-01 3.990850665939404962e-03 4.527255492875870146e-02 6.781287905453243781e-01 1.895268798374587504e-01 1.095583280209275756e-01 2.287485838736671440e-01 2.432689652418815740e-01 2.507621325767317444e-02 8.397727065106188604e-01 2.296556801524047842e-01 2.319502451205295301e-01 2.397228115785026148e-01 3.055028659600544927e-02
4.104460122093200880e-03 2.009278961125886553e-01 9.953700471583388776e-01 7.495679034959792375e-01 1.001149995892713918e-02 1.131410059790178835e-01 5.278981135332472263e-01 1.432365194709177558e-01 9.355867536603312828e-02 2.861510559958873046e-01 2.558871531430639834e-01 5.679182937788951335e-02 8.532921765049792384e-01 2.324113004264773963e-01 2.401979894585224429e-01 2.625964206647353194e-01 7.702532672487727439e-02
1.633699075910044485e-03 2.210027671364400703e-01 9.957078898081448415e-01 9.450200215849058338e-01 5.096651850489131164e-03 8.759284721470983470e-02 6.376027849417926774e-01 2.199216560297401202e-01 8.104572179307822921e-02 1.947927170900456417e-01 3.076358574408573077e-01 3.011093804844833244e-02 8.469785024521847561e-01 2.815731508876808675e-01 2.867000325560553620e-01 3.711852624490177277e-01 5.304555188598580884e-02
1.799507838967429052e-03 2.509458927329184519e-01 9.985357345257028783e-01 8.626141380332299491e-01 8.738569224610692743e-03 9.149524099923933562e-02 1.168688469580434486e-01 2.339022833980806126e-01 9.077084973382909538e-02 2.595473799547605154e-01 9.933929610382108422e-02 3.954645467629447353e-02 8.222962120361856364e-01 9.990052815081185145e-02 9.214021141012551652e-02 6.382531084427967016e-02 2.356792415697572807e-02
1.872239186369029085e-03 2.566222524108034975e-01 9.979916780549729083e-01 9.290022231098298278e-01 6.656959079944790858e-03 8.430960783016061555e-02 1.901330459158909747e-01 2.606132924381512339e-01 9.551138217308263734e-02 2.567558662057081165e-01 1.834293373826483275e-01 3.520490671763454316e-02 8.269421381366015567e-01 1.796274715253645127e-01 1.717825940469168700e-01 1.520809215820264626e-01 2.356342592902027633e-02
3.493844211860164251e-03 2.302534134608009708e-01 9.986929734412157700e-01 7.018114988252079911e-01 1.021540933058595613e-02 1.820429110099963665e-01 1.914845323614642325e-01 1.700507758692708649e-01 8.235395671430367770e-02 1.647214146632265397e-01 1.452466919161992109e-01 6.486484027904637628e-02 8.256493872478642970e-01 1.289483708475103185e-01 1.302925633286093898e-01 1.556161813311973674e-01 7.245830939857000885e-02
6.641370946738334169e-04 2.579670048286288875e-01 9.991345895653793718e-01 9.057604732112025658e-01 4.203959130842704894e-03 1.432093084447938480e-01 3.104056759480515737e-01 2.019748766587383670e-01 6.973907199611772967e-02 3.231580374318099302e-02 1.196775035817410071e-01 3.412798527440585872e-02 8.303541831972616194e-01 1.004565759681668169e-01 1.021948420181075790e-01 1.889965753680229454e-01 4.369367277882130196e-02
5.308352682504846598e-04 1.915442594013931910e-01 9.986738886643209412e-01 9.301951499117642186e-01 5.443258059703026674e-03 7.544494955853142670e-02 2.961262934045230111e-01 2.188332649451609768e-01 4.262674479425854202e-02 1.375947615674206759e-01 9.751798501190478419e-02 2.299720474394462144e-02 8.264747274409600664e-01 8.997807792586343112e-02 8.559167511661769367e-02 1.298086315124891144e-01 2.357952137986440988e-02
1.008450032841778921e-03 1.644983845625347385e-01 9.980323735351106507e-01 9.094689864299994042e-01 6.874559509414623903e-03 7.862596942314059589e-02 3.157223106426156889e-01 2.143780377571573581e-01 4.123501495837444963e-02 1.889220012847658836e-01 1.522920220413652714e-01 2.853570715518571888e-02 8.443845994354362006e-01 1.397582056614368184e-01 1.363797936924555643e-01 1.955206507371372027e-01 3.056558808030995777e-02
2.448744528990687286e-03 1.719530252537246895e-01 9.975683748968648956e-01 8.761019892886210414e-01 8.657141194846396104e-03 9.267510169717674273e-02 2.392891128564480496e-01 2.200495806412448019e-01 5.551269104756073602e-02 2.758021152826586331e-01 2.208514620594002054e-01 4.022364320354654410e-02 8.420586592470407084e-01 2.074734217255382873e-01 2.038293418343357644e-01 2.379675834284853408e-01 3.665572993480470387e-02
1.290054317308886311e-03 1.484277058237459812e-01 9.972271643452543799e-01 8.700219293145998734e-01 5.810953661886664179e-03 4.250346764899060048e-02 3.595971955342793791e-01 1.270107315437201123e-01 4.886454062144096611e-02 2.949609464686844262e-01 2.143749456034385048e-01 3.696229345130674915e-02 8.346284768080138861e-01 2.010183355560712926e-01 2.028232338325182127e-01 2.307675591957263350e-01 2.065514756080588654e-02
1.088664991556242967e-03 1.697625186314724033e-01 9.952876037287410327e-01 9.423873276319199022e-01 7.308135051772524093e-03 7.553794336002006560e-03 4.004928502366453813e-01 2.102758038583374400e-01 5.734007064332757864e-02 5.074488166155148861e-01 1.592869373522347587e-01 1.912378322228036609e-02 8.094610556067429741e-01 1.702456566079604272e-01 1.578703057444812430e-01 9.719879064526537604e-02 9.154302319780427410e-03
2.861946781976598686e-03 1.634714602183962029e-01 9.984926534484444005e-01 9.071154693614786879e-01 6.163021729271633831e-03 1.115957603417108146e-01 1.631076726041200686e-01 2.331293660056701356e-01 3.707019542254386124e-02 2.736392744674844835e-01 3.108113599714954489e-01 3.983589749212512743e-02 7.826283741987012377e-01 2.962278725544820190e-01 2.916350879562799037e-01 3.561832364681833951e-01 3.592908937772598676e-02
6.391471783331326151e-04 1.720223407797405457e-01 9.976915839712248157e-01 9.580603859079559470e-01 3.200834259444285124e-03 2.951317481375248519e-02 4.468459706902825346e-01 1.525332613770871149e-01 4.370496734506446046e-02 2.564343113755995773e-01 2.381618370906011251e-01 2.292889400430908609e-02 7.902740728946966442e-01 2.287950646594225645e-01 2.280635073813641611e-01 2.644492163646532390e-01 1.287943580748773797e-02
1.063073713595485970e-03 1.981994305558956171e-01 9.987659446469905333e-01 9.066557438238511679e-01 5.435181130047261888e-03 5.514161828124475306e-02 2.210647881748553090e-01 2.112355269817101089e-01 3.629556701194758261e-02 3.932368686556770854e-01 1.191070662658262336e-01 2.026559607401523522e-02 6.622235869931216712e-01 1.329350733923888583e-01 1.190008383848635276e-01 7.111796388704760830e-02 1.990653693310839856e-02
1.283639793342672419e-03 1.537135999291550092e-01 9.957866145128377866e-01 9.007616189281009156e-01 7.116734990430195751e-03 5.200335166619218796e-02 7.072330896542426970e-01 2.070187194229049510e-01 2.816339465341144432e-02 4.392267100384046330e-01 1.813243086299110018e-01 1.496883370506196798e-02 7.156242088153312864e-01 1.877724614991223007e-01 1.775518928461394808e-01 1.582966000836592002e-01 5.606161922473695824e-02
1.931406488282050304e-03 1.769923799295227695e-01 9.982567599928628965e-01 8.531323572699349711e-01 5.881967748741168123e-03 9.883977390952836117e-02 5.025705955694856897e-01 1.959356006437644737e-01 2.290145950925293050e-02 4.123354619367418650e-01 1.964060241404439466e-01 2.066069553187332986e-02 5.857018166905056944e-01 2.066189995635596688e-01 1.948060270623557244e-01 1.636953012609154712e-01 6.868904162786382273e-02
4.304412861841910853e-04 1.943902982699015070e-01 9.979066385343955403e-01 9.736723770506188202e-01 2.294960255415645634e-03 6.599486084922201456e-02 8.136408702125796921e-01 1.852076171746119826e-01 2.451614047609140812e-02 1.982510326729283179e-01 2.394140892141507493e-01 1.062721446243131140e-02 6.540982223956497421e-01 2.328368505101394703e-01 2.302503190502704911e-01 3.018542443969352007e-01 5.282338411421871882e-02
1.447410608676591437e-03 1.714209968210269608e-01 9.969545046283059264e-01 8.105560659320723005e-01 4.571201233286359411e-03 1.550356973428224094e-01 9.737768816917569126e-01 1.383969804979443552e-01 1.985653819446397961e-02 2.049666844584905334e-01 2.575331220715781910e-01 1.934662151482058334e-02 6.259765421086420645e-01 2.389470415346153231e-01 2.452254137485851970e-01 3.549186995617361617e-01 1.765875117803528127e-01
9.962557554814566174e-04 2.285942441225472521e-01 9.991119263928212035e-01 9.189547148404066945e-01 3.592052264144385276e-03 6.614067172514914716e-02 3.469009708802062164e-01 2.158426420275247892e-01 2.482511212213722729e-02 4.677138695971621019e-01 1.331052253775197869e-01 1.225190953317323306e-02 4.316135656686519440e-01 1.606194046923974383e-01 1.408201164978919451e-01 6.041966557926059522e-02 3.383874672936837413e-02
1.226443621192174760e-03 1.847112512275153051e-01 9.987250386729797924e-01 9.533104042478726114e-01 2.520349625657836157e-03 9.336559990712256507e-02 7.257736966914229981e-01 2.352326348037365733e-01 0.000000000000000000e+00 4.801767887852648187e-01 2.890466795741417627e-01 6.269788574090995326e-03 3.041598532344274020e-01 3.194211246718339225e-01 2.975463378908642653e-01 2.480644529697997314e-01 8.118930300952431622e-02
9.072876442388633222e-04 2.701183242114346683e-01 9.999446401140801299e-01 9.404233686968730410e-01 8.758569556164275127e-04 1.897942234601144307e-01 2.557456912694640039e-01 1.997067994117145417e-01 9.633370984367672918e-04 2.122313304052809713e-01 2.586793582418493997e-01 1.353334928837313100e-02 1.566849068718525473e-01 2.826212273085815241e-01 2.643737897659121927e-01 2.480574289842110147e-01 6.530341445923504295e-02
6.181663394926317778e-04 2.496728860091117497e-01 9.999308878483788021e-01 9.552427550289230851e-01 9.315943906811341435e-04 1.080740305696572534e-01 1.297917137902215856e-01 1.810961011857017411e-01 2.980476084033512052e-03 2.963756902954202133e-01 2.049037120850698557e-01 1.288805918843394238e-02 1.987723220111803357e-01 2.360674902603818737e-01 2.146556065563345328e-01 1.534955961805195557e-01 2.350452679884718066e-02
3.597946590588207982e-03 2.153284809046525083e-01 9.994532772736732795e-01 7.582671419022304349e-01 2.909319992964398693e-03 1.233102031018020739e-01 3.002580423738212545e-01 1.128149044427857461e-01 1.796455674155694737e-02 5.629550679089945220e-01 2.866200169216597260e-01 2.965167841766103152e-02 2.430507273352482400e-01 3.201579765519824150e-01 3.050508485994214425e-01 1.713964429658858535e-01 6.983529853727077352e-02
6.473323782216766631e-04 2.777963174081214959e-01 9.992392050152005822e-01 9.317877422625571171e-01 8.178255401203315955e-04 1.500772468947557670e-01 9.749382123338898865e-01 1.419351684837266703e-01 1.107481011873190369e-02 2.438173044901503772e-01 3.070311016067819310e-01 6.252813791043365654e-03 1.776571325379485700e-01 3.233913460032056264e-01 3.177216190143070662e-01 3.154126218387034442e-01 1.471586731577740892e-01
1.526790343007178308e-04 4.185641671147593001e-01 9.999595851783382727e-01 1.000000000000000000e+00 1.322762742130834113e-04 9.075044265933485121e-02 5.381082354443913474e-01 1.880411096630183465e-01 1.723193030616343435e-02 3.532234334218671279e-01 1.426331814024450750e-01 0.000000000000000000e+00 0.000000000000000000e+00 1.988784946224484429e-01 1.699469098137882384e-01 3.662712162775960678e-02 3.811710547829783025e-02
3.921880051507287135e-04 4.690194044679323326e-01 9.999654088418736819e-01 9.857510981338108991e-01 7.562190901833076850e-05 1.565810411957269110e-01 5.415368706024388246e-01 1.699230859997697962e-01 4.097417982088558119e-02 2.119813115470279286e-01 2.409292085714014320e-01 6.445572547267630625e-03 2.978765419128848180e-02 2.855697550366329551e-01 2.655058087196806582e-01 1.365038067806807476e-01 6.123828471923253858e-02
1.902975447194421577e-04 3.829095447323211943e-01 9.999970530859201290e-01 9.367397643220449766e-01 1.704794894452632548e-04 1.366755354696369551e-01 5.070998423741377437e-01 1.076251695228620520e-01 1.673640358504968617e-02 1.830089772358221012e-01 1.440719309599245435e-01 7.190708495851794169e-03 4.578587720683202633e-02 1.765190373982505889e-01 1.621527398062880820e-01 8.389898367317982775e-02 5.423356209453888965e-02
4.965576557225404031e-04 3.999451450883881876e-01 9.998410771335812797e-01 9.305115281996592103e-01 1.589731749014333673e-04 1.423536312431101791e-01 7.073657244402395960e-01 8.268540627737763771e-02 4.433863201041532420e-02 1.757039272761460325e-01 2.960686245143619999e-01 1.438895009780338796e-02 1.123443486902537813e-01 3.183506441012866617e-01 3.160528757785669995e-01 2.374227855458599379e-01 7.306483206756997362e-02
4.757104528039235447e-04 3.494414269982186738e-01 9.999316596592109363e-01 9.538699540010107114e-01 1.987222615067452125e-04 6.701793998900029692e-02 1.899636459968494506e-01 8.025679484207159931e-02 3.917946987829523664e-02 3.004962685573886461e-01 2.698720076965059889e-01 1.885045748236180430e-02 1.486449616707723465e-01 3.063226415924305002e-01 2.942854365635838576e-01 1.589161375629828399e-01 8.979319237632843453e-03
6.761977361122717411e-04 3.897241259900745547e-01 9.997490211509116875e-01 9.398585224422646434e-01 2.462404275807017484e-04 7.655740161810697941e-02 5.189923407998984217e-01 7.929607406518357493e-02 5.677301134760170953e-02 3.576176950379164055e-01 3.050928061856268414e-01 1.585208349733591149e-02 1.209519281088802245e-01 3.456948958608876410e-01 3.360130184231167050e-01 1.664864575362656751e-01 3.323661697557689365e-02
4.081240881532721687e-04 4.210520460387066066e-01 9.999506742714814322e-01 9.372398385899671780e-01 3.784240157145291050e-05 1.365915349430171233e-01 4.791842619182142826e-01 6.723393441372138568e-02 5.313614672039079778e-02 1.300498338854865210e-01 2.924315741253735723e-01 1.954134862844014719e-02 1.234138174774486174e-01 3.115591351606781245e-01 3.113811050511827716e-01 2.351933286184646477e-01 4.475842128484774918e-02
6.456953382354413407e-04 4.288421836856493030e-01 9.997958209530821705e-01 9.449343693326177629e-01 0.000000000000000000e+00 1.188991507382413104e-01 6.993861070671671953e-01 5.594406661415973758e-02 6.755121677849373896e-02 1.969288322476856479e-01 4.185355764997638062e-01 1.976520559191996540e-02 1.158601041949403054e-01 4.399878713719687084e-01 4.469299249264224727e-01 3.383380328186831321e-01 5.632397891969986858e-02
1.468358038550832134e-03 3.637335571822752911e-01 9.993084574960562350e-01 8.314720402003175082e-01 5.161290459270162501e-04 6.582081953674290276e-02 7.182467016234062029e-01 2.806340663229889287e-02 7.375739365448552576e-02 5.060806544805771523e-01 3.557573583581046250e-01 2.489884724023028184e-02 1.401641553214574287e-01 3.959027883432213457e-01 3.958759957655360040e-01 1.763105988869568819e-01 5.358842627778859224e-02
4.491837234184004046e-04 3.984990502056184880e-01 1.000000000000000000e+00 8.493172126172687797e-01 9.121965186409397575e-05 1.112920515236668351e-01 2.101204089467509917e-01 1.390167580753143284e-02 6.421884036710068244e-02 1.323119548720796956e-01 2.331054741809310826e-01 3.703838104223322603e-02 1.750942855586110625e-01 2.469928094525499773e-01 2.515999441837379891e-01 1.623948761780980021e-01 2.044329311217296663e-02
1.610078927711811048e-03 3.422878373034166088e-01 9.997210956317772457e-01 7.980533999214145524e-01 3.711911914114907063e-04 7.122927748291552064e-02 2.838730042017907351e-01 0.000000000000000000e+00 8.361536687292669967e-02 3.487945413763497982e-01 4.017602456224693697e-01 5.302792303062275892e-02 2.505421246293657589e-01 4.190845808667660322e-01 4.323843506944484716e-01 2.660248938829425924e-01 2.107481244857467573e-02
9.537595341129190274e-04 4.490485401757844386e-01 9.991110142527546145e-01 8.225880716923619218e-01 3.105678759487418006e-04 1.078806669753120673e-01 9.257500339765813990e-01 9.105476077138519031e-03 1.391943043546532977e-01 1.899910774056365881e-01 3.579447725800548596e-01 3.435033377708052171e-02 2.897460590846918649e-01 3.588618661080715810e-01 3.812739411116439214e-01 2.686512059963632737e-01 8.658002261542740996e-02
6.994503855395350911e-04 4.420834668625168717e-01 9.995399305805250378e-01 8.945119090441906451e-01 2.282493977920907469e-04 7.246056386766230872e-02 6.911445148912900294e-01 3.368675893906925012e-02 1.104502891711334200e-01 2.873916623465859743e-01 3.052178036202093381e-01 2.486113801953493407e-02 2.015505425079844315e-01 3.306420241278971162e-01 3.350749818310561068e-01 1.668507170391819727e-01 3.969415562769551542e-02
1.145894572687211621e-03 4.350077428719920647e-01 9.991779513011280756e-01 8.990364881472245884e-01 2.094109524337639527e-04 5.571311847335724821e-02 7.587342927734761489e-01 2.421717845119530921e-02 1.263499358800928007e-01 3.906742722308180760e-01 4.266594519126982732e-01 2.848484719156729739e-02 2.051399108130951277e-01 4.559197583277381227e-01 4.665220537071235185e-01 2.465831602579271475e-01 3.902166963258313359e-02
9.458081971018827971e-04 4.374461154834534682e-01 9.980278829993736167e-01 8.447169447995364067e-01 6.279018355925813921e-04 6.230871489323597245e-02 9.900679124716802448e-01 2.715447581016405820e-02 1.437068997230710465e-01 3.636797694295452743e-01 2.987120264808140746e-01 2.237236164628697566e-02 2.886717200256825322e-01 3.190273524279945150e-01 3.288380815545650648e-01 1.523233588347920886e-01 8.081196835160397995e-02
9.472447832052921513e-04 4.900565885800887145e-01 9.998262022339403643e-01 8.916885590226506508e-01 2.226319594207382124e-04 1.491590554653141609e-01 4.470113557143191585e-01 5.808850329124481959e-02 1.298360345608919886e-01 1.263027394911659940e-01 3.169714288524261292e-01 3.747677056587761513e-02 2.511877150064698583e-01 3.254565193139882240e-01 3.339560412042601456e-01 2.261861645921641184e-01 4.857183341194559745e-02
2.300007754215016575e-03 4.460447633379764909e-01 9.964794199799484886e-01 8.331258525546409999e-01 8.169417121619559907e-04 8.569317422485145386e-02 1.000000000000000000e+00 2.920010566521114015e-02 1.973868597734238506e-01 3.361962557364890358e-01 4.726263619694606177e-01 3.866725197399034641e-02 4.266352400503201636e-01 4.731952762163871284e-01 5.001885651135182798e-01 3.345886512586702111e-01 1.022240837934305091e-01
2.766530737773109649e-03 5.717969059100909135e-01 9.980555278600178326e-01 9.493826392479434162e-01 5.282345097601393036e-04 6.862466859029137112e-02 7.360985276760549922e-01 1.030124793544473505e-01 2.755419307134587825e-01 4.623674095596896905e-01 4.797280057692461241e-01 3.298557915607602808e-02 3.152938402766167769e-01 5.171257577366787928e-01 5.214218828900669678e-01 2.106716071625243103e-01 4.342893759458466008e-02
3.446804369346523345e-03 6.220575291665824125e-01 9.993232622310799229e-01 7.442917157627171321e-01 4.745560297143569528e-04 1.229918405166214868e-01 5.900335384660762017e-01 1.759842223638941050e-02 3.137627492326302558e-01 3.606184693568295074e-01 3.516045256383506512e-01 6.398677582079415060e-02 2.231551653429129090e-01 3.809145152416846258e-01 3.935536567277750919e-01 1.049019078461697063e-01 6.303167930335185076e-02
6.684869437549423310e-03 6.064706210746919623e-01 9.991503064404696488e-01 6.559733539035406125e-01 1.424465851457057397e-03 1.719572036927257130e-01 4.307292452025652807e-01 4.335205557313770441e-02 3.419588722741124798e-01 3.421487870384893881e-01 3.144851818700971080e-01 8.822312822974609503e-02 3.636262717681830736e-01 3.327305930363024800e-01 3.436064361114006260e-01 9.148916835570730655e-02 8.138930107433406391e-02
